   7       0 loop0 829 0 49342 788 0 0 0 0 0 1320 788 0 0 0 0 0 0
   7       1 loop1 6394 0 146094 5281 0 0 0 0 0 4495 5281 0 0 0 0 0 0
   7       2 loop2 9113 0 155022 3341 0 0 0 0 0 5482 3341 0 0 0 0 0 0
   7       3 loop3 197 0 8056 469 0 0 0 0 0 514 469 0 0 0 0 0 0
   7       4 loop4 2664 0 47742 1188 0 0 0 0 0 1850 1188 0 0 0 0 0 0
   7       5 loop5 0 0 0 0 0 0 0 0 0 0 0 0 0 0 0 0 0
   7       6 loop6 0 0 0 0 0 0 0 0 0 0 0 0 0 0 0 0 0
   7       7 loop7 0 0 0 0 0 0 0 0 0 0 0 0 0 0 0 0 0
   8       0 sda 8422 0 526258 11570 0 0 0 0 0 12923 11570 0 0 0 0 0 0
   8       1 sda1 2682 0 149288 2983 0 0 0 0 0 3228 2983 0 0 0 0 0 0
   7       8 loop8 0 0 0 0 0 0 0 0 0 0 0 0 0 0 0 0 0
   7       9 loop9 0 0 0 0 0 0 0 0 0 0 0 0 0 0 0 0 0
   7      10 loop10 0 0 0 0 0 0 0 0 0 0 0 0 0 0 0 0 0
   7      11 loop11 0 0 0 0 0 0 0 0 0 0 0 0 0 0 0 0 0
