sk               Eth Pid        Groups   Rmem     Wmem     Dump  Locks    Drops    Inode
000000000cdfffe0 0   0          00000000 0        0        0     2        0        13      
000000004f3616d9 0   764        000405d9 0        0        0     2        0        3657    
00000000acb5454a 4   0          00000000 0        0        0     2        0        1257    
0000000054c754c3 10  0          00000000 0        0        0     2        0        1040    
00000000181fd12b 15  9017       00000002 0        0        0     2        0        44879   
000000001504769b 15  864        00000002 0        0        0     2        0        2260    
00000000f2439826 15  938        00000002 0        0        0     2        0        1818    
00000000bb83e48b 15  2384770643 00000002 0        0        0     2        0        3694    
00000000a2dd5404 15  8842       00000002 0        0        0     2        0        44679   
000000002749c651 15  1004       00000002 0        0        0     2        0        1809    
000000008b604950 15  436        00000001 0        0        0     2        0        1310    
000000006c17303a 15  3946328590 00000002 0        0        0     2        0        1533    
0000000080360ee6 15  9284       00000002 0        0        0     2        0        53364   
00000000dc9ba4ec 15  2952585401 00000002 0        0        0     2        0        4487    
000000002a32c928 15  612        00000002 0        0        0     2        0        4485    
00000000751ef2d3 15  764        00000002 0        0        0     2        0        3655    
00000000ebb33f85 15  3584016557 00000002 0        0        0     2        0        3941    
000000005504262d 15  0          00000000 0        0        0     2        0        16      
000000007a16e987 15  8750       00000002 0        0        0     2        0        42918   
00000000d4579c70 15  3694122773 00000002 0        0        0     2        0        3940    
0000000068428def 15  8745       00000002 0        0        0     2        0        45176   
00000000b11c24b3 15  1023       00000002 0        0        0     2        0        3937    
00000000107ef5a7 15  2624471981 00000002 0        0        0     2        0        3676    
000000004abda7f2 15  9022       00000002 0        0        0     2        0        44886   
00000000fb302522 15  9289       00000002 0        0        0     2        0        51259   
00000000d930b243 15  1089       00000002 0        0        0     2        0        1842    
00000000ced66bda 15  1036       00000002 0        0        0     2        0        5278    
0000000081884099 15  857        00000002 0        0        0     2        0        2256    
0000000074b3080c 15  8837       00000002 0        0        0     2        0        46457   
00000000a8dec2b7 15  3146742131 00000002 0        0        0     2        0        4486    
00000000ea8d58be 15  1040       00000002 0        0        0     2        0        1837    
00000000cc664036 15  1094       00000002 0        0        0     2        0        3964    
00000000744dd288 16  0          00000000 0        0        0     2        0        14      
000000003d90f281 16  764        00000000 0        0        0     2        0        3656    
0000000050cfcb26 16  488        00000004 0        0        0     2        0        179     
