       key      shmid perms                  size  cpid  lpid nattch   uid   gid  cuid  cgid      atime      dtime      ctime                   rss                  swap
         0      98306  1600                524288   971  7300      2  1000   100  1000   100 1649559838 1649559838 1649559490                  8192                     0
         0          4  1600                524288  1150  9810      2  1000   100  1000   100 1649560816 1649560816 1649555052                434176                     0
         0          5  1600              67108864   983  1276      2  1000   100  1000   100 1649555061 1649555061 1649555052               8294400                     0
         0      98311  1600                524288  4911  8591      2     0     0     0     0 1649559972 1649559972 1649559514                 73728                     0
         0          8  1600                524288  1169  1276      2  1000   100  1000   100 1649555061 1649555061 1649555052                  4096                     0
         0         22  1600                524288  1168  9844      2  1000   100  1000   100 1649560917 1649560917 1649555063                 20480                     0
         0      65559  1600                524288  1351   864      2  1000   100  1000   100 1649558143          0 1649558143                294912                     0
         0         27  1600               2097152  1116  9322      2  1000   100  1000   100 1649560434 1649560434 1649555104                520192                     0
         0      98336  1600                524288  9058  9081      2     0     0     0     0 1649560193 1649560193 1649560193                  8192                     0
         0         35  1600                524288  1351   864      2  1000   100  1000   100 1649555145          0 1649555145                495616                     0
         0      98344  1600                524288  9322  9840      2  1000   100  1000   100 1649560917 1649560917 1649560434                516096                     0
         0      98345  1600                524288  9322  9840      2  1000   100  1000   100 1649560917 1649560917 1649560435                524288                     0
         0      98346  1600                524288  9322  9840      2  1000   100  1000   100 1649560917 1649560917 1649560446                524288                     0
         0      98352  1600                524288  9572  9595      2  1000   100  1000   100 1649560557 1649560557 1649560557                  8192                     0
         0      98354  1600                524288  9322  9840      2  1000   100  1000   100 1649560917 1649560917 1649560764                524288                     0
         0      98357  1600                524288  9322  9840      2  1000   100  1000   100 1649560917 1649560917 1649560772                524288                     0
         0      98358  1600                524288  9322  9840      2  1000   100  1000   100 1649560917 1649560917 1649560816                524288                     0
