Num       RefCount Protocol Flags    Type St Inode Path
00000000f1eaf6e3: 00000002 00000000 00010000 0001 01  2534 /run/user/1000/pulse/native
00000000c3010438: 00000002 00000000 00010000 0001 01  2258 @/tmp/.X11-unix/X0
00000000990f982d: 00000002 00000000 00010000 0001 01  3467 /var/run/dbus/system_bus_socket
0000000057407b68: 00000002 00000000 00010000 0001 01   180 /var/run/acpid.socket
00000000bc4cd5e6: 00000002 00000000 00010000 0001 01  2283 @/tmp/dbus-5R5tLMLgDW
00000000e49d0be4: 00000002 00000000 00010000 0005 01  1309 /run/udev/control
000000005ed1258a: 00000002 00000000 00010000 0001 01  1573 @/tmp/.ICE-unix/894
00000000ec119627: 00000012 00000000 00000000 0002 01  2104 /dev/log
0000000006af5aee: 00000002 00000000 00010000 0001 01 45966 @/tmp/dbus-BNdtsbVlaW
00000000651c2ed9: 00000002 00000000 00000000 0002 01  4489 /run/systemd/cgroups-agent
00000000b84593b2: 00000002 00000000 00010000 0001 01 53336 @/tmp/dbus-XJGEXgSILW
000000002f484759: 00000002 00000000 00010000 0001 01 44401 @/tmp/dbus-hsoghZbS98
0000000058a0d47e: 00000002 00000000 00010000 0001 01  2259 /tmp/.X11-unix/X0
00000000b527d901: 00000002 00000000 00010000 0001 01  4945 /tmp/dbus-lzD42L1n87
00000000db943054: 00000002 00000000 00010000 0001 01  1574 /tmp/.ICE-unix/894
00000000b1678b85: 00000002 00000000 00010000 0001 01 45621 @/tmp/dbus-GABJ4GF681
00000000ebde17ae: 00000003 00000000 00000000 0001 03  2336 @/tmp/.X11-unix/X0
000000008a4584b3: 00000003 00000000 00000000 0001 03 69998
00000000d6e942a6: 00000003 00000000 00000000 0001 03 47072 @/tmp/dbus-BNdtsbVlaW
00000000b52c2172: 00000003 00000000 00000000 0001 03  2322 @/tmp/dbus-5R5tLMLgDW
00000000ad165be0: 00000003 00000000 00000000 0001 03 51239
00000000139d1168: 00000003 00000000 00000000 0001 03  5138
000000000d51e5af: 00000003 00000000 00000000 0001 03  1539 @/tmp/.X11-unix/X0
00000000865dd0bd: 00000003 00000000 00000000 0001 03  1571
000000004684c3ed: 00000003 00000000 00000000 0001 03 69999
0000000071a73eb3: 00000003 00000000 00000000 0001 03 43914 @/tmp/.X11-unix/X0
00000000ccda5793: 00000003 00000000 00000000 0001 03  3784
000000007961745d: 00000002 00000000 00000000 0002 01 44866
00000000fb292d2f: 00000003 00000000 00000000 0001 03  2353 @/tmp/.X11-unix/X0
00000000ed4fa2a4: 00000003 00000000 00000000 0001 03 53349
0000000010cf90eb: 00000003 00000000 00000000 0001 03  4949 /var/run/dbus/system_bus_socket
00000000168f2489: 00000003 00000000 00000000 0001 03 53367
000000000cfd63cd: 00000003 00000000 00000000 0001 03 53345 @/tmp/dbus-XJGEXgSILW
00000000001bcd6b: 00000003 00000000 00000000 0001 03  3782
00000000f3108aee: 00000002 00000000 00000000 0002 01 51246
000000006dcebb5b: 00000003 00000000 00000000 0001 03  3843 @/tmp/.X11-unix/X0
000000007159ddaf: 00000003 00000000 00000000 0001 03  1530 /var/run/dbus/system_bus_socket
000000001117950a: 00000003 00000000 00000000 0001 03 51260 @/tmp/dbus-XJGEXgSILW
000000003e8a8827: 00000003 00000000 00000000 0001 03 45998
0000000047176d06: 00000003 00000000 00000000 0001 03  2319 @/tmp/.X11-unix/X0
00000000cc1a09ad: 00000003 00000000 00000000 0001 03 51240
00000000eda536a8: 00000003 00000000 00000000 0001 03  5135
00000000552f6f3b: 00000003 00000000 00000000 0001 03  3727
00000000d1c8d958: 00000003 00000000 00000000 0001 03 69836
00000000f5f0f061: 00000003 00000000 00000000 0001 03 45969
000000003a7a6509: 00000003 00000000 00000000 0001 03  3786
000000001c19e142: 00000003 00000000 00000000 0001 03 51278
00000000b8bf1526: 00000003 00000000 00000000 0001 03  1605 /tmp/dbus-lzD42L1n87
0000000004b8b1db: 00000003 00000000 00000000 0001 03  3745
000000005dd200f8: 00000003 00000000 00000000 0001 03  3957 @/tmp/dbus-5R5tLMLgDW
00000000cd6f4e81: 00000003 00000000 00000000 0001 03 71701 /run/user/1000/gvfsd/socket-HhpVND5S
00000000ddb9ddc3: 00000003 00000000 00000000 0001 03  5006 /tmp/dbus-lzD42L1n87
00000000c8dc293a: 00000003 00000000 00000000 0001 03 52306 @/tmp/dbus-XJGEXgSILW
000000009375055e: 00000003 00000000 00000000 0001 03  5011
00000000c78215d3: 00000003 00000000 00000000 0001 03  3746 @/tmp/.X11-unix/X0
00000000a3f29288: 00000003 00000000 00000000 0001 03  5294
00000000c5c9e395: 00000003 00000000 00000000 0001 03 53352
00000000bf8b22e5: 00000003 00000000 00000000 0001 03 43893 @/tmp/dbus-BNdtsbVlaW
0000000041bd9402: 00000003 00000000 00000000 0001 03  5134 @/tmp/dbus-5R5tLMLgDW
000000006ec461a2: 00000003 00000000 00000000 0001 03 44858
00000000bc0f5129: 00000003 00000000 00000000 0001 03  1607 @/tmp/dbus-5R5tLMLgDW
00000000aabbc7d3: 00000003 00000000 00000000 0001 03 43341
00000000f4a7c0f4: 00000003 00000000 00000000 0001 03  1658
00000000737fde8e: 00000003 00000000 00000000 0001 03 53353 @/tmp/dbus-XJGEXgSILW
0000000051e506a1: 00000003 00000000 00000000 0001 03 53344
00000000f1c0bbb1: 00000003 00000000 00000000 0001 03  3842
00000000ab3f0194: 00000003 00000000 00000000 0001 03 54301 @/tmp/dbus-XJGEXgSILW
00000000d70355e0: 00000003 00000000 00000000 0001 03  5012
00000000adcaeaa8: 00000003 00000000 00000000 0001 03 24280
00000000c18c666d: 00000003 00000000 00000000 0001 03  3858 @/tmp/.X11-unix/X0
00000000712b2376: 00000003 00000000 00000000 0001 03 51366 /run/user/1000/gvfsd/socket-aE4rM2KV
00000000beffd65c: 00000003 00000000 00000000 0001 03 44873 /var/run/dbus/system_bus_socket
0000000070c85e67: 00000003 00000000 00000000 0001 03  3815
0000000021ea8b14: 00000003 00000000 00000000 0001 03 51364
00000000187eb33f: 00000003 00000000 00000000 0001 03  5009
00000000d03ed7e5: 00000003 00000000 00000000 0001 03  1563
00000000e6e6d341: 00000003 00000000 00000000 0001 03 54434
0000000057fd3d6c: 00000003 00000000 00000000 0001 03 45981
00000000a9a8224f: 00000003 00000000 00000000 0001 03  2334 @/tmp/.X11-unix/X0
00000000f88e93e6: 00000003 00000000 00000000 0001 03 44857
00000000e88e1824: 00000003 00000000 00000000 0001 03  1580 @/tmp/dbus-5R5tLMLgDW
00000000bd77b522: 00000003 00000000 00000000 0001 03  3758
0000000058ef0f21: 00000003 00000000 00000000 0001 03  4919 @/tmp/dbus-5R5tLMLgDW
00000000b1a35432: 00000003 00000000 00000000 0001 03 53510 @/tmp/.X11-unix/X0
000000005c516a59: 00000003 00000000 00000000 0001 03 53388
000000005abbe98d: 00000003 00000000 00000000 0001 03 46463 @/tmp/dbus-GABJ4GF681
000000001e179635: 00000003 00000000 00000000 0001 03  3814
000000002fdd9665: 00000003 00000000 00000000 0001 03 51255
000000004d7cfa93: 00000003 00000000 00000000 0001 03  5235
00000000963a21cc: 00000003 00000000 00000000 0001 03  2303 @/tmp/dbus-5R5tLMLgDW
000000005240d9da: 00000003 00000000 00000000 0001 03  1568
000000009e27fed7: 00000003 00000000 00000000 0001 03 54431
00000000433afa41: 00000003 00000000 00000000 0001 03 53389 @/tmp/dbus-XJGEXgSILW
00000000e6be4bf5: 00000003 00000000 00000000 0001 03 45640
0000000098c954d9: 00000003 00000000 00000000 0001 03  2332 @/tmp/.X11-unix/X0
00000000fccf573e: 00000003 00000000 00000000 0001 03 53515 /tmp/dbus-lzD42L1n87
0000000002fbd75a: 00000003 00000000 00000000 0001 03  2410 @/tmp/.X11-unix/X0
0000000007c924b0: 00000003 00000000 00000000 0001 03  3753
000000001289bc54: 00000003 00000000 00000000 0001 03  2301 @/tmp/.X11-unix/X0
00000000fb57660a: 00000003 00000000 00000000 0001 03 51381 /run/user/1000/gvfsd/socket-8vmmWLI2
00000000d9c57bde: 00000003 00000000 00000000 0001 03 45612
000000002cd727c1: 00000003 00000000 00000000 0001 03  3841
000000002a15f5be: 00000003 00000000 00000000 0001 03 47090 @/tmp/dbus-BNdtsbVlaW
00000000556bad37: 00000003 00000000 00000000 0001 03  2318 @/tmp/dbus-5R5tLMLgDW
000000007a8b54ca: 00000002 00000000 00000000 0002 01  6296
00000000d3354c44: 00000003 00000000 00000000 0001 03  1569
000000005e3af6d4: 00000003 00000000 00000000 0001 03 54444
000000007c69c184: 00000003 00000000 00000000 0001 03 44646 @/tmp/.X11-unix/X0
00000000f030959c: 00000003 00000000 00000000 0001 03  5132 @/tmp/dbus-5R5tLMLgDW
00000000ec013c79: 00000003 00000000 00000000 0001 03 53513 @/tmp/dbus-5R5tLMLgDW
0000000007a187ff: 00000003 00000000 00000000 0001 03  4959
000000000711f6f3: 00000003 00000000 00000000 0001 03  3719
000000000d48bed6: 00000003 00000000 00000000 0001 03  2310 @/tmp/dbus-5R5tLMLgDW
000000006667b829: 00000003 00000000 00000000 0001 03 51372 /run/user/1000/gvfsd/socket-uycfL6r7
000000001285ba85: 00000003 00000000 00000000 0001 03 53374
0000000029cc63c2: 00000003 00000000 00000000 0001 03  3840
00000000acca11f0: 00000003 00000000 00000000 0001 03 51362
00000000ea1cecca: 00000003 00000000 00000000 0001 03  2324 @/tmp/.X11-unix/X0
00000000ccc5a5b9: 00000002 00000000 00000000 0002 01  3500
0000000071d2dc8d: 00000003 00000000 00000000 0001 03  1707
00000000632a8a69: 00000003 00000000 00000000 0001 03 54435
00000000d590a2f0: 00000003 00000000 00000000 0001 03 52310 @/tmp/dbus-XJGEXgSILW
000000005c9d998c: 00000003 00000000 00000000 0001 03 45985
000000007297a571: 00000003 00000000 00000000 0001 03  2341 @/tmp/.X11-unix/X0
0000000055274165: 00000003 00000000 00000000 0001 03 44893
00000000484f2e56: 00000003 00000000 00000000 0001 03  5007
000000000bc872a6: 00000003 00000000 00000000 0001 03 24820 /run/user/1000/gvfsd/socket-FZfHxxAh
00000000d7f06c17: 00000003 00000000 00000000 0001 03  2667 /var/run/dbus/system_bus_socket
000000009a001787: 00000003 00000000 00000000 0001 03  3887 /tmp/dbus-lzD42L1n87
0000000021cf2479: 00000003 00000000 00000000 0001 03  1811 @/tmp/.X11-unix/X0
00000000025b289e: 00000003 00000000 00000000 0001 03  3864
00000000c1138dc7: 00000003 00000000 00000000 0001 03  2370 /tmp/dbus-lzD42L1n87
000000009658ef08: 00000003 00000000 00000000 0001 03 47101
00000000a6b23202: 00000003 00000000 00000000 0001 03 44675
00000000a691e1bf: 00000003 00000000 00000000 0001 03  5461
000000003ce622be: 00000003 00000000 00000000 0001 03  5367
000000005b14e001: 00000003 00000000 00000000 0001 03  2045
00000000629d2c4c: 00000003 00000000 00000000 0001 03  5251
000000003ca124a0: 00000003 00000000 00000000 0001 03  3889
00000000d1fdb21c: 00000003 00000000 00000000 0001 03  3865 @/tmp/dbus-5R5tLMLgDW
0000000040e4c824: 00000003 00000000 00000000 0001 03  2369
00000000c2500621: 00000003 00000000 00000000 0001 03 46468 @/tmp/dbus-GABJ4GF681
000000002a1e458a: 00000003 00000000 00000000 0001 03  6319 /run/user/1000/pulse/native
00000000583b191e: 00000003 00000000 00000000 0001 03  5366 @/tmp/dbus-5R5tLMLgDW
000000001461163b: 00000003 00000000 00000000 0001 03  2813 @/tmp/.X11-unix/X0
000000006eb05664: 00000003 00000000 00000000 0001 03  5263
0000000032cdfa18: 00000003 00000000 00000000 0001 03  2459 @/tmp/dbus-5R5tLMLgDW
0000000013c62af9: 00000003 00000000 00000000 0001 03  1738 /var/run/dbus/system_bus_socket
00000000d6df0270: 00000003 00000000 00000000 0001 03  2367 @/tmp/dbus-5R5tLMLgDW
000000005e7f3666: 00000003 00000000 00000000 0001 03 51539
000000001b606573: 00000003 00000000 00000000 0001 03 44650
000000006b189440: 00000003 00000000 00000000 0001 03 45199 @/tmp/dbus-hsoghZbS98
00000000b1b131c2: 00000003 00000000 00000000 0001 03  5365
00000000a0dfe618: 00000003 00000000 00000000 0001 03  1813 /var/run/dbus/system_bus_socket
000000004de6e89f: 00000003 00000000 00000000 0001 03  3888
0000000036c08154: 00000003 00000000 00000000 0001 03  3866
000000005e05f261: 00000003 00000000 00000000 0001 03  2366
00000000bddb0cd6: 00000003 00000000 00000000 0001 03 44651
00000000553f3b89: 00000003 00000000 00000000 0001 03 42927
000000006ee242d9: 00000003 00000000 00000000 0001 03  5459
00000000399aff28: 00000003 00000000 00000000 0001 03  5262 /tmp/dbus-lzD42L1n87
00000000217463b5: 00000003 00000000 00000000 0001 03  1810
000000002c507a32: 00000003 00000000 00000000 0001 03  3886 /tmp/dbus-lzD42L1n87
00000000b4d7fc17: 00000003 00000000 00000000 0001 03  2380 /tmp/dbus-lzD42L1n87
0000000058191ac0: 00000003 00000000 00000000 0001 03 45983 @/tmp/dbus-BNdtsbVlaW
0000000006eafabb: 00000002 00000000 00000000 0002 01 44656
000000007dfab09a: 00000003 00000000 00000000 0001 03  5371
000000001761c6a5: 00000003 00000000 00000000 0001 03  5261
0000000034151cac: 00000003 00000000 00000000 0001 03  2461 @/tmp/dbus-5R5tLMLgDW
000000007673ecdc: 00000003 00000000 00000000 0001 03  3885
000000003d1f9d94: 00000003 00000000 00000000 0001 03  2379
00000000cb4186ae: 00000003 00000000 00000000 0001 03 47067 @/tmp/dbus-BNdtsbVlaW
00000000fa00e45d: 00000003 00000000 00000000 0001 03  5394
0000000034c6e73c: 00000003 00000000 00000000 0001 03  2531 /var/run/dbus/system_bus_socket
00000000483a7dcf: 00000003 00000000 00000000 0001 03  3922
000000003b090a7b: 00000003 00000000 00000000 0001 03  2376 /tmp/dbus-lzD42L1n87
0000000086b407ae: 00000003 00000000 00000000 0001 03  2346 @/tmp/dbus-5R5tLMLgDW
00000000f6d0ef11: 00000003 00000000 00000000 0001 03 52325 @/tmp/dbus-XJGEXgSILW
00000000a4332561: 00000003 00000000 00000000 0001 03 43638 @/tmp/dbus-GABJ4GF681
0000000055d82172: 00000003 00000000 00000000 0001 03  5395
000000007205a35d: 00000003 00000000 00000000 0001 03  1964
000000000dffe865: 00000003 00000000 00000000 0001 03  5301
0000000045a8c415: 00000003 00000000 00000000 0001 03  3923 /var/run/dbus/system_bus_socket
00000000d0fa7fa3: 00000003 00000000 00000000 0001 03  2375
000000004eb1044d: 00000003 00000000 00000000 0001 03  3848
0000000016c9e4fe: 00000003 00000000 00000000 0001 03 53697 /tmp/dbus-lzD42L1n87
000000002afa2331: 00000003 00000000 00000000 0001 03 44668
000000002ae8084f: 00000003 00000000 00000000 0001 03  6262 @/tmp/.X11-unix/X0
00000000d189d393: 00000003 00000000 00000000 0001 03 42924 @/tmp/dbus-hsoghZbS98
000000005ec7f9a3: 00000003 00000000 00000000 0001 03  1859 /tmp/dbus-lzD42L1n87
000000000ba2c859: 00000003 00000000 00000000 0001 03  2456 @/tmp/dbus-5R5tLMLgDW
000000003a909308: 00000003 00000000 00000000 0001 03  5238 @/tmp/.X11-unix/X0
0000000027519052: 00000003 00000000 00000000 0001 03  3850 /tmp/dbus-lzD42L1n87
00000000579fff1d: 00000003 00000000 00000000 0001 03 44681
000000005db08d58: 00000003 00000000 00000000 0001 03 45169 /var/run/dbus/system_bus_socket
000000002aa34bab: 00000003 00000000 00000000 0001 03 23345
000000004a8cd024: 00000002 00000000 00000000 0002 01  5393
0000000025d4227e: 00000003 00000000 00000000 0001 03  1972 /run/user/1000/gvfsd/socket-wr6zuWpp
00000000c96b79ef: 00000003 00000000 00000000 0001 03  5316
000000006f34decd: 00000003 00000000 00000000 0001 03  3883
00000000b589470f: 00000003 00000000 00000000 0001 03  2437
00000000e445f4d8: 00000003 00000000 00000000 0001 03  3849
000000004cd2a5a0: 00000003 00000000 00000000 0001 03 44676 @/tmp/dbus-GABJ4GF681
00000000fbb50e5f: 00000003 00000000 00000000 0001 03 42903
0000000074f46e55: 00000003 00000000 00000000 0001 03  7220 /tmp/dbus-lzD42L1n87
000000007983c2b8: 00000003 00000000 00000000 0001 03  5379 @/tmp/.X11-unix/X0
000000001a70eb07: 00000003 00000000 00000000 0001 03  1971
00000000e5e1e706: 00000003 00000000 00000000 0001 03  5314
0000000052f95cfb: 00000003 00000000 00000000 0001 03 27776 @/tmp/.X11-unix/X0
00000000c8e774b8: 00000003 00000000 00000000 0001 03  2382 @/tmp/.X11-unix/X0
0000000031406f9c: 00000003 00000000 00000000 0001 03  3854 /tmp/dbus-lzD42L1n87
00000000d56963bb: 00000003 00000000 00000000 0001 03 44419
000000005bc3bba0: 00000003 00000000 00000000 0001 03 44411 @/tmp/dbus-hsoghZbS98
00000000fa6910ec: 00000003 00000000 00000000 0001 03  5556
0000000086ea7fce: 00000003 00000000 00000000 0001 03  5377
000000002810039b: 00000003 00000000 00000000 0001 03  7219
00000000a3225b90: 00000003 00000000 00000000 0001 03  1857 @/tmp/dbus-5R5tLMLgDW
000000002458ea8c: 00000003 00000000 00000000 0001 03 25879
0000000002be0582: 00000003 00000000 00000000 0001 03  2381
0000000045d951f1: 00000003 00000000 00000000 0001 03  3853
0000000039b4bbe0: 00000003 00000000 00000000 0001 03 42911 @/tmp/dbus-hsoghZbS98
00000000e2b8bea0: 00000003 00000000 00000000 0001 03 42902
00000000690e7e82: 00000003 00000000 00000000 0001 03 24817 /run/user/1000/gvfsd/socket-yMWQXWXG
00000000280efb91: 00000003 00000000 00000000 0001 03  6268 @/tmp/dbus-5R5tLMLgDW
00000000e3b8227b: 00000003 00000000 00000000 0001 03  2931 @/tmp/dbus-5R5tLMLgDW
0000000046c26fa0: 00000003 00000000 00000000 0001 03  5246 @/tmp/dbus-5R5tLMLgDW
000000001da70c92: 00000003 00000000 00000000 0001 03  3879 @/tmp/dbus-5R5tLMLgDW
0000000074a44561: 00000003 00000000 00000000 0001 03  1774 /var/run/dbus/system_bus_socket
000000004139cf67: 00000003 00000000 00000000 0001 03  3862
0000000098f39530: 00000003 00000000 00000000 0001 03 47107
00000000ad0e6800: 00000003 00000000 00000000 0001 03 46492
00000000997fb709: 00000003 00000000 00000000 0001 03 44422
000000005bace50a: 00000003 00000000 00000000 0001 03  5391
00000000014250e7: 00000003 00000000 00000000 0001 03  7328
00000000895396cb: 00000003 00000000 00000000 0001 03  5243
00000000727207fc: 00000003 00000000 00000000 0001 03  1795
000000002bcb6d51: 00000003 00000000 00000000 0001 03  3872
00000000b3b09168: 00000003 00000000 00000000 0001 03  2435 @/tmp/.X11-unix/X0
00000000dd2825d8: 00000003 00000000 00000000 0001 03 45995 @/tmp/dbus-BNdtsbVlaW
000000003be163b1: 00000003 00000000 00000000 0001 03 44693 @/tmp/dbus-GABJ4GF681
000000008989f3dd: 00000003 00000000 00000000 0001 03 42919 @/tmp/dbus-hsoghZbS98
00000000688d844f: 00000003 00000000 00000000 0001 03  2671 /tmp/dbus-lzD42L1n87
000000006e12e67a: 00000003 00000000 00000000 0001 03 45179
00000000cd173ee8: 00000003 00000000 00000000 0001 03  3863 @/tmp/dbus-5R5tLMLgDW
000000000446ef36: 00000003 00000000 00000000 0001 03  1798
00000000ec17972b: 00000003 00000000 00000000 0001 03  2446 @/tmp/dbus-5R5tLMLgDW
000000003fdd35f1: 00000003 00000000 00000000 0001 03  2372 @/tmp/dbus-5R5tLMLgDW
000000009fa2e095: 00000003 00000000 00000000 0001 03 46481
00000000c094f675: 00000003 00000000 00000000 0001 03 44433
000000002ac55afc: 00000003 00000000 00000000 0001 03  5390
000000004c82ae6b: 00000003 00000000 00000000 0001 03  5499 /var/run/dbus/system_bus_socket
00000000f51d4037: 00000003 00000000 00000000 0001 03  5242
00000000811486ab: 00000003 00000000 00000000 0001 03  1799 /tmp/dbus-lzD42L1n87
000000000c01a514: 00000003 00000000 00000000 0001 03  3871
000000004242c7a4: 00000003 00000000 00000000 0001 03  3861
000000009f72ad10: 00000003 00000000 00000000 0001 03 45660 @/tmp/dbus-GABJ4GF681
00000000d02b6ad1: 00000003 00000000 00000000 0001 03 45211 @/tmp/dbus-hsoghZbS98
000000003c659d50: 00000003 00000000 00000000 0001 03 43334 @/tmp/.X11-unix/X0
0000000074f89b2f: 00000003 00000000 00000000 0001 03  2672 @/tmp/.X11-unix/X0
00000000427f5c08: 00000003 00000000 00000000 0001 03  5284 /var/run/dbus/system_bus_socket
00000000cb0e2ef3: 00000003 00000000 00000000 0001 03  2349
000000001be74d82: 00000003 00000000 00000000 0001 03 51537
00000000a4122a12: 00000003 00000000 00000000 0001 03 43376
00000000b069ea30: 00000003 00000000 00000000 0001 03  1966 @/tmp/dbus-5R5tLMLgDW
00000000eef0e299: 00000003 00000000 00000000 0001 03  2501
0000000024319c29: 00000003 00000000 00000000 0001 03  3851 @/tmp/dbus-5R5tLMLgDW
00000000aed01277: 00000003 00000000 00000000 0001 03 54629 @/tmp/dbus-5R5tLMLgDW
000000003084f8e6: 00000003 00000000 00000000 0001 03 47141
00000000e731b099: 00000003 00000000 00000000 0001 03 43377 @/tmp/dbus-hsoghZbS98
00000000ac4d412d: 00000003 00000000 00000000 0001 03  5250 /tmp/dbus-lzD42L1n87
000000003e7e1d16: 00000003 00000000 00000000 0001 03  2365 @/tmp/dbus-5R5tLMLgDW
000000005f1bb3b1: 00000003 00000000 00000000 0001 03 43917 /tmp/dbus-lzD42L1n87
00000000b4d3ccbb: 00000003 00000000 00000000 0001 03 43900
00000000fa6594e5: 00000003 00000000 00000000 0001 03 43633
000000004f0ea0bf: 00000003 00000000 00000000 0001 03  2678
0000000092d9f353: 00000003 00000000 00000000 0001 03  2458
000000000f3b6352: 00000003 00000000 00000000 0001 03  2364
00000000dfe85484: 00000003 00000000 00000000 0001 03 44887 @/tmp/dbus-BNdtsbVlaW
00000000547580b4: 00000003 00000000 00000000 0001 03 44660 @/tmp/dbus-GABJ4GF681
00000000db5d3a22: 00000003 00000000 00000000 0001 03  2673
00000000c5191fdb: 00000003 00000000 00000000 0001 03  1823 /var/run/dbus/system_bus_socket
00000000b18c969f: 00000003 00000000 00000000 0001 03  2469
00000000093005ce: 00000003 00000000 00000000 0001 03 43897
000000008770a3d2: 00000003 00000000 00000000 0001 03 43634 @/tmp/dbus-GABJ4GF681
000000007ba2468c: 00000003 00000000 00000000 0001 03  2662
0000000027b5c97d: 00000003 00000000 00000000 0001 03  1822
0000000091f31cb2: 00000003 00000000 00000000 0001 03  2470 /tmp/dbus-lzD42L1n87
000000008fa40588: 00000003 00000000 00000000 0001 03 44880 @/tmp/dbus-BNdtsbVlaW
00000000b9296234: 00000003 00000000 00000000 0001 03 43626
0000000038fbaaf7: 00000003 00000000 00000000 0001 03  2812
00000000171d2d7f: 00000003 00000000 00000000 0001 03  2465 @/tmp/dbus-5R5tLMLgDW
000000007c4f55da: 00000003 00000000 00000000 0001 03  2355
000000003a532108: 00000003 00000000 00000000 0001 03 54438 /run/user/1000/gvfsd/socket-OjCSVRya
00000000bc13aeda: 00000003 00000000 00000000 0001 03 43888
00000000a05ff72e: 00000003 00000000 00000000 0001 03 43632
00000000ac08fa3c: 00000003 00000000 00000000 0001 03  5553 @/tmp/dbus-5R5tLMLgDW
00000000fadd28b4: 00000003 00000000 00000000 0001 03  2464
00000000bc03e9fc: 00000003 00000000 00000000 0001 03  2356 /tmp/dbus-lzD42L1n87
000000003fc1d7de: 00000003 00000000 00000000 0001 03 52280
00000000cfc7ed3e: 00000003 00000000 00000000 0001 03 44859 @/tmp/.X11-unix/X0
00000000f02e2a26: 00000003 00000000 00000000 0001 03 44652 @/tmp/.X11-unix/X0
00000000c75ab0d6: 00000003 00000000 00000000 0001 03  6275 /tmp/dbus-lzD42L1n87
00000000fe9ef79a: 00000003 00000000 00000000 0001 03  3881 @/tmp/dbus-5R5tLMLgDW
0000000009421a40: 00000003 00000000 00000000 0001 03  3857 /tmp/dbus-lzD42L1n87
0000000078e7bc18: 00000003 00000000 00000000 0001 03 51238 @/tmp/.X11-unix/X0
000000007828f6f5: 00000003 00000000 00000000 0001 03 43882
00000000a2f057da: 00000003 00000000 00000000 0001 03 46489 @/tmp/dbus-GABJ4GF681
000000007e0a9896: 00000003 00000000 00000000 0001 03  2822
000000005a498742: 00000003 00000000 00000000 0001 03  2454
00000000fc20f677: 00000003 00000000 00000000 0001 03  2363
000000009c3dfcff: 00000003 00000000 00000000 0001 03 52288
000000004db85b23: 00000003 00000000 00000000 0001 03 44856 @/tmp/.X11-unix/X0
00000000c18435ed: 00000003 00000000 00000000 0001 03 43650
000000005020a028: 00000003 00000000 00000000 0001 03  7222 /run/user/1000/gvfsd/socket-Xit8tHxN
00000000d10ca3cf: 00000003 00000000 00000000 0001 03  3880 @/tmp/dbus-5R5tLMLgDW
000000002c839337: 00000003 00000000 00000000 0001 03  2326
00000000b0409e60: 00000003 00000000 00000000 0001 03 51535
00000000ed04cbdc: 00000003 00000000 00000000 0001 03 51241 @/tmp/.X11-unix/X0
00000000f0756c0b: 00000003 00000000 00000000 0001 03 43353
000000007bcd17a5: 00000003 00000000 00000000 0001 03  2453
00000000614d799b: 00000003 00000000 00000000 0001 03  3811 @/tmp/.X11-unix/X0
0000000047b86c34: 00000003 00000000 00000000 0001 03 43919
0000000027076279: 00000003 00000000 00000000 0001 03 44408 @/tmp/dbus-hsoghZbS98
000000001ace9cb6: 00000003 00000000 00000000 0001 03  2690 /var/run/dbus/system_bus_socket
00000000bbe5be91: 00000003 00000000 00000000 0001 03  2559 @/tmp/.ICE-unix/894
00000000b951b47f: 00000003 00000000 00000000 0001 03 54307
000000009ab5e6ee: 00000003 00000000 00000000 0001 03 43365
0000000017dcb9ac: 00000003 00000000 00000000 0001 03  2816
000000006066b516: 00000002 00000000 00000000 0002 01 43349
00000000e64e67b0: 00000003 00000000 00000000 0001 03  4036
0000000042690118: 00000003 00000000 00000000 0001 03 54626 @/tmp/.X11-unix/X0
000000002af6619a: 00000003 00000000 00000000 0001 03 44418 @/tmp/dbus-hsoghZbS98
0000000036c24c9e: 00000003 00000000 00000000 0001 03  1975 /run/user/1000/gvfsd/socket-eXTJasTM
0000000093a55ce1: 00000003 00000000 00000000 0001 03  2500
00000000b68fa4de: 00000003 00000000 00000000 0001 03  2338
000000009b4f1ac2: 00000003 00000000 00000000 0001 03 44900 @/tmp/dbus-BNdtsbVlaW
00000000818782af: 00000003 00000000 00000000 0001 03 45634 /var/run/dbus/system_bus_socket
00000000405fc0ae: 00000003 00000000 00000000 0001 03  7229 /run/user/1000/gvfsd/socket-obqVtsBX
0000000093129b93: 00000003 00000000 00000000 0001 03  3938 @/tmp/dbus-5R5tLMLgDW
0000000085652479: 00000003 00000000 00000000 0001 03  5131 /tmp/dbus-lzD42L1n87
00000000f26a9c16: 00000003 00000000 00000000 0001 03 52468
00000000b97e11d1: 00000003 00000000 00000000 0001 03 43637
00000000734e5e68: 00000003 00000000 00000000 0001 03  1760 @/tmp/.X11-unix/X0
00000000c43409f7: 00000003 00000000 00000000 0001 03  6265 @/tmp/.X11-unix/X0
0000000029e84efa: 00000003 00000000 00000000 0001 03  1838
0000000004160be4: 00000002 00000000 00000000 0002 01  2255
00000000b5382617: 00000003 00000000 00000000 0001 03  6280 /tmp/dbus-lzD42L1n87
000000005ae57e0c: 00000003 00000000 00000000 0001 03  4033
000000005106fb72: 00000003 00000000 00000000 0001 03  1555
000000006edd8b61: 00000003 00000000 00000000 0001 03  1754
00000000402b31bb: 00000003 00000000 00000000 0001 03  2659
0000000076b58960: 00000003 00000000 00000000 0001 03  8046 @/tmp/dbus-5R5tLMLgDW
000000009b5272ab: 00000002 00000000 00000000 0002 01  1833
000000009b625c4f: 00000003 00000000 00000000 0001 03  4956
00000000570e0f73: 00000003 00000000 00000000 0001 03 47068
00000000e4650f34: 00000003 00000000 00000000 0001 03  6279
000000002213c99b: 00000003 00000000 00000000 0001 03  2557 @/tmp/.X11-unix/X0
0000000014cff7a8: 00000002 00000000 00000000 0002 01  1543
0000000072f25b44: 00000003 00000000 00000000 0001 03  1758 @/tmp/.X11-unix/X0
00000000493defa5: 00000003 00000000 00000000 0001 03  6261 /var/run/dbus/system_bus_socket
00000000a7f488b4: 00000003 00000000 00000000 0001 03 45991 @/tmp/dbus-BNdtsbVlaW
000000002a2a5e3c: 00000003 00000000 00000000 0001 03  1843
0000000078b37059: 00000003 00000000 00000000 0001 03 43342 @/tmp/.X11-unix/X0
00000000d5fa1fa1: 00000003 00000000 00000000 0001 03  4028
000000002112e61a: 00000003 00000000 00000000 0001 03  4918 @/tmp/dbus-5R5tLMLgDW
00000000f9e201fa: 00000003 00000000 00000000 0001 03  1753
000000001a529a45: 00000003 00000000 00000000 0001 03  2658
00000000585da009: 00000003 00000000 00000000 0001 03  3953 @/tmp/dbus-5R5tLMLgDW
000000008039b4f5: 00000003 00000000 00000000 0001 03 47066
000000008a354f2b: 00000003 00000000 00000000 0001 03  5311 @/tmp/.X11-unix/X0
00000000f47d5d60: 00000003 00000000 00000000 0001 03  4958
0000000059f76c5a: 00000003 00000000 00000000 0001 03  1556
00000000e12cdb39: 00000003 00000000 00000000 0001 03  1765 /tmp/dbus-lzD42L1n87
00000000db248d7e: 00000003 00000000 00000000 0001 03  6251 /tmp/dbus-lzD42L1n87
00000000d12f1a9e: 00000003 00000000 00000000 0001 03  6340
000000002be4f55a: 00000003 00000000 00000000 0001 03  5323 @/tmp/dbus-5R5tLMLgDW
000000000c695955: 00000003 00000000 00000000 0001 03  3723 /var/run/acpid.socket
00000000d7b63830: 00000003 00000000 00000000 0001 03 43333
00000000415af037: 00000003 00000000 00000000 0001 03  6270 /var/run/dbus/system_bus_socket
00000000d5d65a4e: 00000003 00000000 00000000 0001 03  3935 /var/run/dbus/system_bus_socket
000000009cd69e67: 00000003 00000000 00000000 0001 03  1764
000000005ebd3724: 00000003 00000000 00000000 0001 03  2657
00000000ebabb47c: 00000003 00000000 00000000 0001 03  2044 @/tmp/dbus-5R5tLMLgDW
00000000f0d3259a: 00000003 00000000 00000000 0001 03  5296 @/tmp/dbus-5R5tLMLgDW
0000000071590603: 00000003 00000000 00000000 0001 03  2261
00000000d8663a7c: 00000003 00000000 00000000 0001 03  6269
00000000a015c8af: 00000003 00000000 00000000 0001 03  3934
000000002fdb11d9: 00000003 00000000 00000000 0001 03  4488
000000003c729544: 00000003 00000000 00000000 0001 03  1763 /tmp/dbus-lzD42L1n87
0000000075e398d3: 00000003 00000000 00000000 0001 03  5416 @/tmp/dbus-5R5tLMLgDW
000000007adeee0f: 00000003 00000000 00000000 0001 03 43340
00000000a554ef8f: 00000003 00000000 00000000 0001 03  2298
00000000a5bba65d: 00000003 00000000 00000000 0001 03  2663 @/tmp/dbus-5R5tLMLgDW
00000000fd7ba838: 00000003 00000000 00000000 0001 03  5283 /var/run/dbus/system_bus_socket
00000000b15cceb7: 00000003 00000000 00000000 0001 03  1554
000000004f7d37d4: 00000002 00000000 00000000 0002 01  4476
000000008bdc54e1: 00000003 00000000 00000000 0001 03  1762
000000008827ea0b: 00000003 00000000 00000000 0001 03  5415
00000000a65ec77a: 00000003 00000000 00000000 0001 03  1867
00000000ebdee9d7: 00000003 00000000 00000000 0001 03  3749 @/tmp/dbus-5R5tLMLgDW
000000007940991f: 00000003 00000000 00000000 0001 03 25882 /tmp/dbus-lzD42L1n87
00000000830cf0b4: 00000003 00000000 00000000 0001 03  6276
00000000cd23a16c: 00000003 00000000 00000000 0001 03  3944
000000000bd58c46: 00000003 00000000 00000000 0001 03  1357 /var/run/dbus/system_bus_socket
00000000e21de854: 00000003 00000000 00000000 0001 03  5244 @/tmp/.X11-unix/X0
00000000bd72aa82: 00000003 00000000 00000000 0001 03  2553
00000000d8108bbb: 00000003 00000000 00000000 0001 03  1826 /var/run/dbus/system_bus_socket
00000000f382fbd9: 00000002 00000000 00000000 0002 01  2132
000000004f264050: 00000003 00000000 00000000 0001 03  6291
00000000860cba99: 00000003 00000000 00000000 0001 03  3989
00000000917a8e38: 00000003 00000000 00000000 0001 03  4948 /tmp/dbus-lzD42L1n87
000000000985872c: 00000003 00000000 00000000 0001 03  4946
0000000084ad8df2: 00000003 00000000 00000000 0001 03  1734
000000006c5a5347: 00000003 00000000 00000000 0001 03  5309 @/tmp/.ICE-unix/894
0000000073f6fd52: 00000003 00000000 00000000 0001 03 22393
000000006523284c: 00000003 00000000 00000000 0001 03  1825
00000000ef2a955c: 00000003 00000000 00000000 0001 03  5388 @/tmp/dbus-5R5tLMLgDW
00000000bae51a01: 00000003 00000000 00000000 0001 03  5308 @/tmp/.X11-unix/X0
00000000a0be17c8: 00000003 00000000 00000000 0001 03  1336
00000000ab70ab17: 00000003 00000000 00000000 0001 03  2407 @/tmp/.X11-unix/X0
0000000041f013eb: 00000003 00000000 00000000 0001 03  2556
00000000171a6070: 00000003 00000000 00000000 0001 03 52304 /var/run/dbus/system_bus_socket
00000000eaf70e4a: 00000003 00000000 00000000 0001 03  1828 /var/run/dbus/system_bus_socket
000000004735369c: 00000002 00000000 00000000 0002 01  2168
00000000c7185414: 00000003 00000000 00000000 0001 03 25881
00000000af5c97dc: 00000003 00000000 00000000 0001 03  3990 /run/user/1000/pulse/native
000000002769e1fd: 00000003 00000000 00000000 0001 03  4917
00000000200e8524: 00000003 00000000 00000000 0001 03  1710
00000000004f4692: 00000003 00000000 00000000 0001 03  5320 @/tmp/.X11-unix/X0
00000000928d2bed: 00000003 00000000 00000000 0001 03  9359
000000009175d5de: 00000003 00000000 00000000 0001 03  1827
00000000082adff2: 00000003 00000000 00000000 0001 03 53342
00000000d1f290cf: 00000003 00000000 00000000 0001 03  3988
000000009f138ea3: 00000002 00000000 00000000 0002 01  1557
0000000049ea6f53: 00000003 00000000 00000000 0001 03  3742 @/tmp/.X11-unix/X0
00000000127fb6e6: 00000003 00000000 00000000 0001 03  1766
0000000054ef27d3: 00000003 00000000 00000000 0001 03  1861
000000003619d782: 00000003 00000000 00000000 0001 03  3649 /var/run/dbus/system_bus_socket
00000000f96132e0: 00000003 00000000 00000000 0001 03  4035
000000004a1b7f1f: 00000003 00000000 00000000 0001 03  4843
00000000a8daff14: 00000003 00000000 00000000 0002 01  1314
00000000a4216077: 00000003 00000000 00000000 0001 03  1767 /tmp/dbus-lzD42L1n87
00000000bd945dec: 00000002 00000000 00000000 0002 01  2532
00000000fe4c8402: 00000003 00000000 00000000 0001 03 24815 /run/user/1000/gvfsd/socket-6Bg76rps
000000007d0bff48: 00000003 00000000 00000000 0001 03  1860
000000006eeb536a: 00000003 00000000 00000000 0001 03  2169
000000003b36b631: 00000003 00000000 00000000 0001 03  5324 /tmp/dbus-lzD42L1n87
00000000f3b8019b: 00000003 00000000 00000000 0001 03  1540 @/tmp/.X11-unix/X0
000000001378b843: 00000003 00000000 00000000 0001 03  1800
00000000cf0e2f0f: 00000003 00000000 00000000 0001 03  2654 @/tmp/.X11-unix/X0
000000002d142d63: 00000003 00000000 00000000 0001 03 22390
000000008cacb984: 00000003 00000000 00000000 0001 03  5285 /var/run/dbus/system_bus_socket
00000000acddc693: 00000003 00000000 00000000 0001 03  4957 /tmp/dbus-lzD42L1n87
00000000bd1cc397: 00000003 00000000 00000000 0001 03 44402
000000003278bff7: 00000003 00000000 00000000 0001 03  5298 @/tmp/dbus-5R5tLMLgDW
00000000df405fd3: 00000003 00000000 00000000 0001 03  2317 @/tmp/.X11-unix/X0
000000009f038469: 00000003 00000000 00000000 0001 03  1335
000000002be1df93: 00000003 00000000 00000000 0001 03  1801 /var/run/dbus/system_bus_socket
00000000f6d94840: 00000003 00000000 00000000 0001 03  2653
000000002bc112f2: 00000003 00000000 00000000 0001 03 23347 /run/user/1000/gvfsd/socket-dNVaBMaW
000000001ff9f30f: 00000003 00000000 00000000 0001 03  1831
0000000018fc1a54: 00000002 00000000 00000000 0002 01  2190
00000000809e3a77: 00000003 00000000 00000000 0001 03 54293 @/tmp/dbus-XJGEXgSILW
00000000ccb9b5f5: 00000003 00000000 00000000 0001 03  3965
000000006129500e: 00000003 00000000 00000000 0001 03  4947
00000000f23cfb3b: 00000003 00000000 00000000 0002 01  1315
