entries  allocs destroys hash_grows  lookups hits  res_failed  rcv_probes_mcast rcv_probes_ucast  periodic_gc_runs forced_gc_runs unresolved_discards table_fulls
00000001  00000000 00000000 00000000  00000000 00000000  00000000  00000000 00000000  00000051 00000000 00000000 00000000
00000001  00000001 00000000 00000000  00000000 00000000  00000000  00000000 00000000  0000007c 00000000 00000000 00000000
00000001  00000000 00000000 00000000  00000000 00000000  00000000  00000000 00000000  0000005d 00000000 00000000 00000000
00000001  00000000 00000000 00000000  00000000 00000000  00000000  00000000 00000000  00000055 00000000 00000000 00000000
00000001  00000000 00000000 00000000  00000000 00000000  00000000  00000000 00000000  00000000 00000000 00000000 00000000
00000001  00000000 00000000 00000000  00000000 00000000  00000000  00000000 00000000  00000000 00000000 00000000 00000000
00000001  00000000 00000000 00000000  00000000 00000000  00000000  00000000 00000000  00000000 00000000 00000000 00000000
00000001  00000000 00000000 00000000  00000000 00000000  00000000  00000000 00000000  00000000 00000000 00000000 00000000
00000001  00000000 00000000 00000000  00000000 00000000  00000000  00000000 00000000  00000000 00000000 00000000 00000000
00000001  00000000 00000000 00000000  00000000 00000000  00000000  00000000 00000000  00000000 00000000 00000000 00000000
00000001  00000000 00000000 00000000  00000000 00000000  00000000  00000000 00000000  00000000 00000000 00000000 00000000
00000001  00000000 00000000 00000000  00000000 00000000  00000000  00000000 00000000  00000000 00000000 00000000 00000000
00000001  00000000 00000000 00000000  00000000 00000000  00000000  00000000 00000000  00000000 00000000 00000000 00000000
00000001  00000000 00000000 00000000  00000000 00000000  00000000  00000000 00000000  00000000 00000000 00000000 00000000
00000001  00000000 00000000 00000000  00000000 00000000  00000000  00000000 00000000  00000000 00000000 00000000 00000000
00000001  00000000 00000000 00000000  00000000 00000000  00000000  00000000 00000000  00000000 00000000 00000000 00000000
00000001  00000000 00000000 00000000  00000000 00000000  00000000  00000000 00000000  00000000 00000000 00000000 00000000
00000001  00000000 00000000 00000000  00000000 00000000  00000000  00000000 00000000  00000000 00000000 00000000 00000000
00000001  00000000 00000000 00000000  00000000 00000000  00000000  00000000 00000000  00000000 00000000 00000000 00000000
00000001  00000000 00000000 00000000  00000000 00000000  00000000  00000000 00000000  00000000 00000000 00000000 00000000
00000001  00000000 00000000 00000000  00000000 00000000  00000000  00000000 00000000  00000000 00000000 00000000 00000000
00000001  00000000 00000000 00000000  00000000 00000000  00000000  00000000 00000000  00000000 00000000 00000000 00000000
00000001  00000000 00000000 00000000  00000000 00000000  00000000  00000000 00000000  00000000 00000000 00000000 00000000
00000001  00000000 00000000 00000000  00000000 00000000  00000000  00000000 00000000  00000000 00000000 00000000 00000000
00000001  00000000 00000000 00000000  00000000 00000000  00000000  00000000 00000000  00000000 00000000 00000000 00000000
00000001  00000000 00000000 00000000  00000000 00000000  00000000  00000000 00000000  00000000 00000000 00000000 00000000
00000001  00000000 00000000 00000000  00000000 00000000  00000000  00000000 00000000  00000000 00000000 00000000 00000000
00000001  00000000 00000000 00000000  00000000 00000000  00000000  00000000 00000000  00000000 00000000 00000000 00000000
00000001  00000000 00000000 00000000  00000000 00000000  00000000  00000000 00000000  00000000 00000000 00000000 00000000
00000001  00000000 00000000 00000000  00000000 00000000  00000000  00000000 00000000  00000000 00000000 00000000 00000000
00000001  00000000 00000000 00000000  00000000 00000000  00000000  00000000 00000000  00000000 00000000 00000000 00000000
00000001  00000000 00000000 00000000  00000000 00000000  00000000  00000000 00000000  00000000 00000000 00000000 00000000
