entries  allocs destroys hash_grows  lookups hits  res_failed  rcv_probes_mcast rcv_probes_ucast  periodic_gc_runs forced_gc_runs unresolved_discards table_fulls
00000001  00000000 00000000 00000000  00000000 00000000  00000000  00000000 00000000  00000053 00000000 00000000 00000000
00000001  00000001 00000000 00000000  00000000 00000000  00000000  00000000 00000000  00000079 00000000 00000000 00000000
00000001  00000000 00000000 00000000  00000000 00000000  00000000  00000000 00000000  0000005a 00000000 00000000 00000000
00000001  00000000 00000000 00000000  00000000 00000000  00000000  00000000 00000000  00000058 00000000 00000000 00000000
00000001  00000000 00000000 00000000  00000000 00000000  00000000  00000000 00000000  00000000 00000000 00000000 00000000
00000001  00000000 00000000 00000000  00000000 00000000  00000000  00000000 00000000  00000000 00000000 00000000 00000000
00000001  00000000 00000000 00000000  00000000 00000000  00000000  00000000 00000000  00000000 00000000 00000000 00000000
00000001  00000000 00000000 00000000  00000000 00000000  00000000  00000000 00000000  00000000 00000000 00000000 00000000
00000001  00000000 00000000 00000000  00000000 00000000  00000000  00000000 00000000  00000000 00000000 00000000 00000000
00000001  00000000 00000000 00000000  00000000 00000000  00000000  00000000 00000000  00000000 00000000 00000000 00000000
00000001  00000000 00000000 00000000  00000000 00000000  00000000  00000000 00000000  00000000 00000000 00000000 00000000
00000001  00000000 00000000 00000000  00000000 00000000  00000000  00000000 00000000  00000000 00000000 00000000 00000000
00000001  00000000 00000000 00000000  00000000 00000000  00000000  00000000 00000000  00000000 00000000 00000000 00000000
00000001  00000000 00000000 00000000  00000000 00000000  00000000  00000000 00000000  00000000 00000000 00000000 00000000
00000001  00000000 00000000 00000000  00000000 00000000  00000000  00000000 00000000  00000000 00000000 00000000 00000000
00000001  00000000 00000000 00000000  00000000 00000000  00000000  00000000 00000000  00000000 00000000 00000000 00000000
00000001  00000000 00000000 00000000  00000000 00000000  00000000  00000000 00000000  00000000 00000000 00000000 00000000
00000001  00000000 00000000 00000000  00000000 00000000  00000000  00000000 00000000  00000000 00000000 00000000 00000000
00000001  00000000 00000000 00000000  00000000 00000000  00000000  00000000 00000000  00000000 00000000 00000000 00000000
00000001  00000000 00000000 00000000  00000000 00000000  00000000  00000000 00000000  00000000 00000000 00000000 00000000
00000001  00000000 00000000 00000000  00000000 00000000  00000000  00000000 00000000  00000000 00000000 00000000 00000000
00000001  00000000 00000000 00000000  00000000 00000000  00000000  00000000 00000000  00000000 00000000 00000000 00000000
00000001  00000000 00000000 00000000  00000000 00000000  00000000  00000000 00000000  00000000 00000000 00000000 00000000
00000001  00000000 00000000 00000000  00000000 00000000  00000000  00000000 00000000  00000000 00000000 00000000 00000000
00000001  00000000 00000000 00000000  00000000 00000000  00000000  00000000 00000000  00000000 00000000 00000000 00000000
00000001  00000000 00000000 00000000  00000000 00000000  00000000  00000000 00000000  00000000 00000000 00000000 00000000
00000001  00000000 00000000 00000000  00000000 00000000  00000000  00000000 00000000  00000000 00000000 00000000 00000000
00000001  00000000 00000000 00000000  00000000 00000000  00000000  00000000 00000000  00000000 00000000 00000000 00000000
00000001  00000000 00000000 00000000  00000000 00000000  00000000  00000000 00000000  00000000 00000000 00000000 00000000
00000001  00000000 00000000 00000000  00000000 00000000  00000000  00000000 00000000  00000000 00000000 00000000 00000000
00000001  00000000 00000000 00000000  00000000 00000000  00000000  00000000 00000000  00000000 00000000 00000000 00000000
00000001  00000000 00000000 00000000  00000000 00000000  00000000  00000000 00000000  00000000 00000000 00000000 00000000
