0000	10221450	0	               0	               0	               0	               0	               0	               0	               0	               0	               0	               0	               0	               0	               0	               0	
0008	10221452	0	               0	               0	               0	               0	               0	               0	               0	               0	               0	               0	               0	               0	               0	               0	
000b	10221453	19	               0	               0	               0	               0	               0	               0	               0	               0	               0	               0	               0	               0	               0	               0	pcieport
0010	10221452	0	               0	               0	               0	               0	               0	               0	               0	               0	               0	               0	               0	               0	               0	               0	
0018	10221452	0	               0	               0	               0	               0	               0	               0	               0	               0	               0	               0	               0	               0	               0	               0	
0019	10221453	1a	               0	               0	               0	               0	               0	               0	               0	               0	               0	               0	               0	               0	               0	               0	pcieport
0020	10221452	0	               0	               0	               0	               0	               0	               0	               0	               0	               0	               0	               0	               0	               0	               0	
0038	10221452	0	               0	               0	               0	               0	               0	               0	               0	               0	               0	               0	               0	               0	               0	               0	
0039	10221454	1b	               0	               0	               0	               0	               0	               0	               0	               0	               0	               0	               0	               0	               0	               0	pcieport
0040	10221452	0	               0	               0	               0	               0	               0	               0	               0	               0	               0	               0	               0	               0	               0	               0	
0041	10221454	1d	               0	               0	               0	               0	               0	               0	               0	               0	               0	               0	               0	               0	               0	               0	pcieport
00a0	1022790b	0	               0	               0	               0	               0	               0	               0	               0	               0	               0	               0	               0	               0	               0	               0	piix4_smbus
00a3	1022790e	0	               0	               0	               0	               0	               0	               0	               0	               0	               0	               0	               0	               0	               0	               0	
00c0	10221460	0	               0	               0	               0	               0	               0	               0	               0	               0	               0	               0	               0	               0	               0	               0	
00c1	10221461	0	               0	               0	               0	               0	               0	               0	               0	               0	               0	               0	               0	               0	               0	               0	
00c2	10221462	0	               0	               0	               0	               0	               0	               0	               0	               0	               0	               0	               0	               0	               0	               0	
00c3	10221463	0	               0	               0	               0	               0	               0	               0	               0	               0	               0	               0	               0	               0	               0	               0	k10temp
00c4	10221464	0	               0	               0	               0	               0	               0	               0	               0	               0	               0	               0	               0	               0	               0	               0	
00c5	10221465	0	               0	               0	               0	               0	               0	               0	               0	               0	               0	               0	               0	               0	               0	               0	
00c6	10221466	0	               0	               0	               0	               0	               0	               0	               0	               0	               0	               0	               0	               0	               0	               0	
00c7	10221467	0	               0	               0	               0	               0	               0	               0	               0	               0	               0	               0	               0	               0	               0	               0	
0100	102243bc	27	        f76a0004	               0	               0	               0	               0	               0	               0	            8000	               0	               0	               0	               0	               0	               0	xhci_hcd
0101	102243b8	24	               0	               0	               0	               0	               0	        f7680000	        f7600000	               0	               0	               0	               0	               0	           20000	           80000	ahci
0102	102243b3	1e	               0	               0	               0	               0	               0	               0	               0	               0	               0	               0	               0	               0	               0	               0	pcieport
0220	102243b4	1f	               0	               0	               0	               0	               0	               0	               0	               0	               0	               0	               0	               0	               0	               0	pcieport
0230	102243b4	20	               0	               0	               0	               0	               0	               0	               0	               0	               0	               0	               0	               0	               0	               0	pcieport
0238	102243b4	22	               0	               0	               0	               0	               0	               0	               0	               0	               0	               0	               0	               0	               0	               0	pcieport
0500	10ec8168	21	            f001	               0	        f7500004	               0	        f210000c	               0	               0	             100	               0	            1000	               0	            4000	               0	               0	r8169
0600	10de13c2	2f	        f6000000	        e000000c	               0	        f000000c	               0	            e001	           c0002	         1000000	        10000000	               0	         2000000	               0	              80	           20000	nouveau
0601	10de0fbb	2b	        f7080000	               0	               0	               0	               0	               0	               0	            4000	               0	               0	               0	               0	               0	               0	snd_hda_intel
0700	1022145a	0	               0	               0	               0	               0	               0	               0	               0	               0	               0	               0	               0	               0	               0	               0	
0702	10221456	30	               0	               0	        f7300000	               0	               0	        f7400000	               0	               0	               0	          100000	               0	               0	            2000	               0	ccp
0703	1022145c	29	        f7200004	               0	               0	               0	               0	               0	               0	          100000	               0	               0	               0	               0	               0	               0	xhci_hcd
0800	10221455	0	               0	               0	               0	               0	               0	               0	               0	               0	               0	               0	               0	               0	               0	               0	
0802	10227901	26	               0	               0	               0	               0	               0	        f7708000	               0	               0	               0	               0	               0	               0	            1000	               0	ahci
0803	10221457	2d	        f7700000	               0	               0	               0	               0	               0	               0	            8000	               0	               0	               0	               0	               0	               0	snd_hda_intel
